0.365408129999999998 -1.79572369999999992 0 
-1.2084724 0.394290770000000013 1 
0.386181439999999987 1.04839560000000009 0 
-0.636570049999999998 -1.65212270000000006 0 
-0.80009178000000003 -0.712128920000000054 1 
0.396430930000000015 -1.89360560000000011 0 
0.261878529999999998 1.87751390000000007 1 
0.468296089999999998 1.83910740000000006 1 
0.34545832999999998 -1.00433630000000007 1 
0.534593569999999962 2.12667619999999991 1 
1.17421489999999995 0.716944449999999955 0 
-1.44894210000000001 1.0768913 1 
-0.747661719999999974 -0.733889459999999993 1 
-0.174989060000000002 1.13051609999999991 0 
0.616347909999999999 0.516860129999999973 0 
1.71027109999999993 -0.971053460000000035 0 
0.294453240000000005 -0.818856790000000001 1 
1.77962360000000008 -0.595129609999999976 0 
1.51884010000000003 -0.935743650000000038 0 
-0.568051439999999963 -0.911856189999999955 1 
1.10934899999999992 -1.64125089999999996 0 
-0.686520009999999958 -1.89749239999999997 0 
-1.32979249999999993 1.49153779999999991 1 
0.951563130000000035 0.939539189999999969 0 
-1.4669551999999999 0.0887296949999999973 1 
-0.044229031000000002 -1.24352970000000007 1 
0.845101450000000032 -1.9283783000000001 0 
-0.63480791999999997 -0.797292189999999956 1 
-1.5808530999999999 0.0529255400000000001 1 
0.339370810000000023 1.9024665999999999 1 
0.545708790000000055 0.919420930000000025 0 
-0.415317670000000028 -1.0002044000000001 1 
0.497676909999999972 1.00339580000000006 0 
-1.70952759999999993 1.28692329999999999 1 
-1.47872120000000007 0.497597909999999977 1 
0.839243920000000032 -1.74795640000000008 0 
1.56867029999999996 -1.16635019999999989 0 
0.82726904999999995 -1.62292569999999992 0 
0.0753047000000000022 0.737848009999999999 0 
-0.853662290000000046 0.600463260000000054 0 
1.03091930000000009 -1.95632450000000002 0 
0.405183450000000001 -1.20834079999999999 1 
-1.22208589999999995 0.671628829999999954 1 
-1.29974670000000003 0.0154271400000000006 1 
1.69929719999999995 -0.745428890000000011 0 
0.0376128120000000024 -2.10244449999999983 0 
1.57722800000000007 -0.830084350000000026 0 
0.0604213020000000031 0.672902580000000028 0 
-0.801851360000000013 -1.03404990000000008 1 
-1.23441650000000003 0.85302140999999998 1 
0.288378079999999981 1.08440409999999998 0 
-1.37302239999999998 0.0432720220000000003 1 
-0.746330730000000053 0.762367519999999965 0 
1.3682198000000001 -1.18882259999999995 0 
1.24894579999999999 -1.89850699999999994 0 
0.825306349999999966 -0.837518899999999955 1 
1.08951890000000007 1.32353410000000005 1 
-1.49660740000000003 0.260309760000000001 1 
1.1842109999999999 -1.3528792999999999 0 
-0.682004119999999991 0.976701240000000026 0 
0.412869609999999998 1.15547650000000002 0 
-0.738035230000000042 1.77521039999999997 1 
0.239048609999999995 1.91474300000000008 1 
1.79852900000000004 -0.592686939999999995 0 
1.21943439999999992 -0.799173849999999963 0 
-0.327741749999999998 -2.0546717000000001 0 
-0.632292480000000046 -1.86374069999999992 0 
-0.546622309999999945 0.970276290000000041 0 
0.809768810000000006 0.99957879999999999 0 
0.0476734909999999984 -2.23374529999999982 0 
-0.551036790000000054 -1.80023730000000004 0 
-0.365642750000000016 0.811849860000000034 0 
1.64606499999999989 0.232027769999999994 0 
-0.26032959 1.07406779999999991 0 
0.108422470000000007 2.31856309999999999 1 
1.11931910000000001 1.85859379999999996 1 
-0.77996679999999996 1.87180790000000008 1 
1.24451149999999999 0.786719999999999975 0 
1.51571649999999991 -0.629854059999999993 0 
1.39901760000000008 -1.43032040000000005 0 
0.498025150000000028 -2.01363160000000008 0 
0.409811409999999987 1.96058259999999995 1 
-1.27058380000000004 0.786424360000000044 1 
0.00745000309999999978 1.8233003000000001 1 
1.31192219999999993 -0.442962240000000007 0 
0.683992599999999951 2.15108629999999978 1 
-0.233024439999999999 1.14448609999999995 0 
-0.472456470000000017 -1.0070713 1 
0.407602259999999994 1.98424880000000003 1 
0.47500872999999999 -0.640640499999999946 1 
-0.830640599999999951 2.00014419999999982 1 
0.602757389999999948 0.871100380000000007 0 
-0.8514988 1.72427229999999998 1 
1.07773560000000002 -1.41632209999999992 0 
-0.488246809999999976 -1.84940339999999992 0 
-0.638912600000000053 2.08628850000000021 1 
-1.46853250000000002 1.30142519999999995 1 
-0.571223099999999984 0.958114849999999962 0 
0.400045790000000012 -1.73101600000000011 0 
-0.713647440000000022 1.79250449999999995 1 
-1.55913250000000003 1.1176318999999999 1 
-0.392235009999999995 -0.787966590000000022 1 
1.23578440000000001 0.74808357999999997 0 
-0.0360690320000000009 1.03401779999999999 0 
0.118807250000000003 0.54364241999999996 0 
1.76391490000000006 -0.679169490000000042 0 
-1.25015969999999998 1.07799690000000004 1 
-0.979961569999999949 1.76130640000000005 1 
-0.406621679999999985 -0.892328090000000018 1 
-0.478756760000000003 2.09987659999999998 1 
1.44923430000000009 -1.60197110000000009 0 
0.787577259999999946 0.83942578000000001 0 
0.965034959999999997 -1.48841350000000006 0 
0.617692169999999985 -1.85235649999999996 0 
0.373437489999999983 1.91850030000000005 1 
-1.22703230000000008 1.39762279999999994 1 
0.624945500000000043 -1.49752069999999993 0 
0.155953599999999998 -2.39408829999999995 0 
-0.615724539999999987 -1.06171159999999998 1 
-0.660401539999999954 -1.80388579999999998 0 
0.787994149999999949 -1.75260799999999994 0 
0.0959069619999999984 -1.99995849999999997 0 
-0.748772199999999999 1.95659059999999996 1 
0.171073420000000004 1.93988899999999997 1 
-1.59176099999999998 0.025797548 1 
1.32935720000000002 0.373489190000000026 0 
0.0785009359999999934 -0.783667250000000037 1 
-0.442292189999999974 0.855117910000000037 0 
0.716873699999999947 -1.19937870000000002 0 
0.794951540000000012 0.0109885369999999996 0 
-0.114220370000000002 2.0415293000000001 1 
-0.215154769999999995 -0.778994999999999993 1 
-0.410724030000000018 -0.842062120000000025 1 
1.23322829999999994 -0.467345069999999974 0 
1.54278669999999996 -0.779823269999999957 0 
0.0884649779999999997 -2.02012990000000014 0 
1.29935390000000006 -0.416541019999999984 0 
0.0874729600000000024 -2.25224059999999993 0 
0.704614069999999981 0.927416110000000016 0 
-1.26256119999999994 1.48765379999999992 1 
-1.15577350000000001 1.03562409999999994 1 
-1.76432870000000008 0.976883570000000034 1 
-1.57659109999999991 0.146777180000000007 1 
-1.00456150000000011 -0.759391719999999992 1 
-1.52141449999999989 0.133882499999999988 1 
0.874617810000000051 -0.938695229999999992 1 
-0.0794284849999999931 1.0092238 0 
-1.33147480000000007 1.7740669 1 
1.71658540000000004 -1.01947560000000004 0 
0.12652925000000001 1.7375292 1 
-1.61637059999999999 0.402607429999999988 1 
-0.161415370000000002 -0.842368149999999982 1 
1.36581580000000002 -0.370930480000000007 0 
1.03194610000000009 -1.35704249999999993 0 
-0.11785996 -0.858787639999999963 1 
0.0875735950000000041 -2.11142779999999997 0 
0.547171410000000025 -0.923938900000000007 1 
0.279019010000000012 0.972010829999999992 0 
0.0109644189999999996 1.90058400000000005 1 
-0.57165144999999995 -1.63146140000000006 0 
-1.04571799999999993 1.2634418999999999 1 
0.25495720999999999 -1.8553265000000001 0 
-0.144234059999999997 -2.22226219999999985 0 
0.299829220000000007 0.726528080000000021 0 
-0.848469640000000025 -0.462354920000000003 1 
1.22560730000000007 0.280893110000000001 0 
-1.33028740000000001 0.753688339999999957 1 
1.40536280000000002 -0.896127470000000037 0 
0.449323750000000022 0.787341909999999978 0 
0.590474420000000055 -1.94682749999999993 0 
-0.16392429 -0.812366409999999983 1 
-0.620415640000000046 1.80718090000000009 1 
-0.0502619369999999996 2.28342650000000003 1 
-0.902170690000000053 -0.767788950000000026 1 
-1.72230489999999992 0.792781500000000028 1 
0.723599369999999964 0.561240630000000018 0 
0.601184350000000034 1.8724677999999999 1 
1.44451419999999997 1.04157000000000011 0 
-0.567864420000000036 -0.649023869999999947 1 
1.40440380000000009 -1.35752680000000003 0 
-0.512551899999999949 -1.96235690000000007 0 
-0.0441338510000000017 -0.983965810000000052 1 
-1.33277819999999991 1.94162590000000002 1 
-0.82172771 -0.389235830000000005 1 
-1.03450869999999995 -0.849496200000000035 1 
1.2039709999999999 -1.34212700000000007 0 
-1.48633079999999995 1.58895800000000009 1 
0.198996960000000001 2.2902016999999999 1 
-0.258851359999999975 1.22470579999999996 0 
1.00978900000000005 1.99034620000000007 1 
1.53807249999999995 -1.29965029999999993 0 
-0.1033139 -1.97388129999999995 0 
0.77764776999999996 0.665119319999999958 0 
-1.12893679999999996 -0.813986019999999977 1 
1.57202149999999996 -0.363704890000000003 0 
0.873553009999999963 1.0553075999999999 0 
1.15626150000000005 -1.17974990000000002 0 
-1.32107060000000009 1.22910040000000009 1 
-0.036438617999999999 1.09655360000000002 0 
-0.0397281810000000013 -2.20042120000000008 0 
1.02061650000000004 0.806411329999999982 0 
0.280631770000000003 -1.18003269999999993 1 
1.21277210000000002 -1.39355209999999996 0 
1.38394560000000011 0.523762179999999966 0 
0.234651809999999988 0.893522379999999949 0 
-1.16549919999999996 -0.497751480000000024 1 
-1.48002450000000008 0.689658820000000006 1 
0.41725625999999999 -1.92256709999999997 0 
1.3466243 -0.70455276 0 
1.51886070000000006 -0.0181440869999999997 0 
1.27585389999999999 0.256203230000000004 0 
0.822098459999999975 -1.7886765 0 
-0.517866669999999973 -0.568778070000000024 1 
-0.258581070000000024 0.931490550000000028 0 
-0.652023050000000048 2.0913759999999999 1 
1.30556209999999995 -0.0818368359999999961 0 
0.705385939999999989 -0.873346979999999995 1 
-0.223331610000000014 -1.26126880000000008 1 
-0.707286999999999999 1.73415819999999998 1 
-0.350854219999999994 -2.05786669999999994 0 
-1.03082169999999995 -0.373548600000000008 1 
-0.647046110000000008 -1.66424229999999995 0 
-1.52547199999999994 1.13008679999999995 1 
-0.505494730000000003 -1.7805321999999999 0 
1.58417999999999992 0.0463052519999999981 0 
-0.545588249999999997 -0.799888299999999997 1 
-0.289866860000000004 0.97894705999999998 0 
-1.09121409999999996 -0.905107010000000045 1 
-0.414500440000000026 2.05700519999999987 1 
0.363381400000000021 2.12394000000000016 1 
-0.311875520000000017 -1.24403740000000007 1 
-0.672122140000000035 -2.1440131 0 
1.5327963 -0.915417189999999992 0 
-0.388562039999999997 -1.75843320000000003 0 
-1.58513480000000007 0.367924450000000014 1 
0.243070609999999993 -1.90451780000000004 0 
-0.042436854000000003 -1.23937689999999989 1 
0.181323979999999996 -1.8116509999999999 0 
0.820547400000000038 0.583441989999999966 0 
-0.494115000000000026 1.96580569999999999 1 
0.852973470000000011 -1.71610240000000003 0 
0.23588669000000001 -1.33481960000000011 1 
0.242317160000000004 0.717203510000000044 0 
0.960456109999999974 -0.0997989019999999949 0 
0.104368799999999998 -2.1044738999999999 0 
-0.929076030000000053 -0.397308739999999994 1 
1.30549519999999997 0.270542300000000013 0 
0.691518670000000002 1.07374400000000003 0 
1.33305859999999998 -0.637278719999999965 0 
0.697381409999999979 2.01461559999999995 1 
0.789724259999999956 0.644090950000000051 0 
1.49305529999999997 -0.932752880000000006 0 
-1.27391150000000009 0.0349486550000000021 1 
0.324185229999999991 -0.943169290000000049 1 
1.4808945 -1.06574830000000009 0 
0.22570598 0.827066569999999945 0 
-0.511705879999999946 1.14179209999999998 0 
-0.367882229999999977 -0.697823199999999977 1 
-0.507766370000000022 -0.970131610000000033 1 
-0.255191090000000009 1.97601369999999998 1 
-1.21415439999999997 0.225839449999999997 1 
-0.465892250000000008 2.18012680000000003 1 
1.26031610000000005 -1.60915279999999994 0 
-0.330479330000000016 -0.969242790000000021 1 
-1.15847199999999995 -0.542271979999999987 1 
1.19099470000000007 -0.919906629999999947 0 
0.110498219999999994 0.987583250000000024 0 
0.39551919000000002 0.822421469999999988 0 
-1.49086340000000006 1.7553957 1 
-0.714759020000000023 -1.6986969999999999 0 
-0.318878519999999999 -0.95019882 1 
1.06783329999999999 0.235503089999999998 0 
-0.81722821000000001 -0.571177049999999964 1 
0.274231029999999987 -0.82247342999999995 1 
1.51338149999999994 0.166759400000000002 0 
1.5962651000000001 -0.225158140000000007 0 
-1.41495520000000008 0.864435979999999993 1 
0.0195670029999999995 -1.09250669999999994 1 
0.422722969999999976 2.32073039999999997 1 
0.0873363899999999999 -0.802431569999999983 1 
-0.387767629999999974 1.84352819999999995 1 
1.11751920000000005 -1.25564650000000011 0 
1.45946609999999999 0.102049470000000003 0 
-0.0284969030000000005 -2.05979840000000003 0 
1.71266469999999993 -1.19883699999999993 0 
-0.896053160000000015 -1.5215862 0 
0.246753179999999989 -1.11694619999999989 1 
-1.3129267 -0.482192459999999989 1 
0.298800290000000024 1.8085758999999999 1 
-0.856781479999999984 -0.697283430000000037 1 
-0.0905799719999999947 -2.12822420000000001 0 
1.18785530000000006 0.555552310000000049 0 
0.160491949999999994 2.15092609999999995 1 
1.18309690000000001 -0.789451279999999977 1 
1.38908619999999994 -0.0572558489999999976 0 
-0.682230400000000015 0.840012690000000006 0 
0.515716440000000054 -0.805652020000000024 1 
-0.626194490000000048 -1.70636729999999992 0 
1.02402630000000006 -2.05161499999999997 0 
-0.12544574 2.01593499999999981 1 
1.29642999999999997 0.0711065629999999976 0 
0.276912050000000021 1.10533119999999996 0 
-0.311557360000000005 1.18254909999999991 0 
1.66886219999999996 -1.35686130000000005 0 
0.486290749999999994 1.84809730000000005 1 
-1.38594320000000004 -0.63135638999999999 1 
-1.10667460000000006 -0.529732899999999951 1 
0.470741670000000001 1.86140459999999996 1 
1.09725800000000007 -1.88837860000000002 0 
0.617953969999999964 -1.10203380000000006 1 
-1.1518854999999999 0.840635079999999979 1 
1.53702760000000005 0.0172674569999999999 0 
1.22778929999999997 -1.21263739999999998 0 
-0.733143369999999961 0.870053520000000025 0 
-0.331983269999999997 -0.72552340000000004 1 
-0.362673079999999981 -1.98838460000000006 0 
1.30603059999999993 -0.381926659999999973 0 
-1.04852539999999994 -0.617129009999999978 1 
-0.666224319999999981 -0.722954100000000044 1 
0.994968329999999956 -1.87423509999999993 0 
1.27053860000000007 -1.60647739999999994 0 
0.480867449999999974 1.84941040000000001 1 
0.356154680000000001 -1.71908550000000004 0 
1.77989989999999998 0.240725400000000006 0 
-0.215518979999999999 -1.31220179999999997 1 
-1.29814910000000006 -0.0736806829999999968 1 
0.739526710000000032 -1.63354679999999997 0 
-1.00700619999999996 -0.213504389999999988 1 
1.62007849999999998 -0.634477630000000015 0 
-0.642838350000000003 -1.20841559999999992 1 
-0.573538010000000043 1.67159250000000004 1 
-0.282675689999999979 -0.812811100000000009 1 
-0.839081700000000041 -0.785414379999999968 1 
0.149827110000000013 0.782265450000000029 0 
0.224038409999999993 2.11881869999999983 1 
0.674134119999999948 1.79441669999999998 1 
-0.553461920000000052 1.86042529999999995 1 
1.27705819999999992 -1.07017270000000009 0 
-1.26957260000000005 1.12240220000000002 1 
1.74404150000000002 -0.989200179999999984 0 
1.15434020000000004 -1.24724049999999997 0 
0.650955460000000041 -0.533226259999999952 1 
1.63200699999999999 -0.684313289999999963 0 
-0.291598369999999996 1.34714620000000007 0 
-1.28432290000000005 1.47317739999999997 1 
1.36586650000000009 -1.21194399999999991 0 
0.175785880000000005 -0.691889270000000001 1 
-1.31384009999999996 0.332363509999999973 1 
1.38994440000000008 0.0390995770000000034 0 
-1.07947900000000008 -0.411202799999999979 1 
1.32970180000000004 -1.42604229999999998 0 
1.43845190000000001 -0.772335829999999945 0 
1.06825210000000004 -0.995200439999999964 0 
1.57757769999999997 -0.733397599999999983 0 
0.295389210000000013 -0.834383010000000036 1 
-1.67594899999999991 0.00093488687999999996 1 
-0.845865300000000042 0.422456239999999983 0 
-0.431443049999999995 1.85937890000000006 1 
0.702990050000000033 -1.56868560000000001 0 
-0.813496189999999952 -1.06846400000000008 1 
-0.528070599999999946 1.12314350000000007 0 
-0.632841729999999991 -0.808134050000000048 1 
1.59053709999999993 -0.0567113080000000019 0 
-0.842107020000000039 1.60178609999999999 1 
-1.57458349999999991 0.842474350000000038 1 
0.737031499999999951 0.577434549999999991 0 
-1.43928929999999999 1.33935300000000002 1 
-1.0780860000000001 -0.735881019999999997 1 
0.441021380000000018 1.61619950000000001 1 
-0.0815501619999999955 -1.91402680000000003 0 
-0.111057039999999996 1.92386699999999999 1 
-0.157686539999999986 0.444824969999999986 0 
-0.69184005000000004 -1.86994850000000001 0 
1.43501790000000007 0.0347632049999999984 0 
1.47716709999999996 0.0534347609999999973 0 
1.62635050000000003 -0.574805110000000008 0 
-0.238214129999999996 -1.87495100000000003 0 
-0.23976538 -2.00861100000000015 0 
-0.295254640000000013 0.714492980000000055 0 
0.900400069999999997 -1.42132630000000004 0 
-0.629866979999999965 0.74130178999999996 0 
-0.0874419780000000035 0.630476489999999945 0 
-0.663714629999999972 -0.881138170000000054 1 
-1.14199239999999991 -0.339600449999999998 1 
-0.65132601999999995 1.51914850000000001 1 
0.956204669999999979 -1.48982100000000006 0 
1.08829669999999989 -1.77654040000000002 0 
-1.62715019999999999 1.14157949999999997 1 
0.143612139999999999 2.48106420000000005 1 
-0.328237889999999977 2.1109081999999999 1 
-0.567069579999999962 -1.59444889999999995 0 
-1.15800389999999997 1.85553330000000005 1 
0.14588530999999999 0.913783939999999961 0 
0.164479299999999995 1.87148460000000005 1 
1.0889974 0.353363609999999995 0 
-0.0133459379999999999 -1.49945369999999989 0 
0.915698250000000047 -0.433609250000000002 1 
1.32177699999999998 0.0694363850000000032 0 
-0.991566539999999996 0.966480789999999979 0 
-0.256007439999999975 -1.13126499999999997 1 
-1.93886000000000003 0.949193999999999982 1 
-0.053368800000000001 2.0852400000000002 1 
-0.51559900000000003 0.865438999999999958 0 
0.924431000000000003 1.79593000000000003 1 
-0.607110000000000039 0.79998899999999995 0 
0.997062000000000004 -1.24073000000000011 0 
0.0989059000000000049 1.90710000000000002 1 
0.743840999999999974 -1.98937999999999993 0 
-1.0765499999999999 1.4111800000000001 1 
0.477700000000000014 -1.81204999999999994 0 
-1.50482000000000005 -0.429066000000000003 1 
0.469650000000000012 2.06278000000000006 1 
0.0196840000000000001 0.842745999999999995 0 
1.59444999999999992 -0.650774999999999992 0 
-1.75697999999999999 0.425292999999999977 1 
0.974925000000000042 1.71128999999999998 1 
1.05047000000000001 -1.61778 0 
0.790600999999999998 1.74130000000000007 1 
-0.783804999999999974 -0.687441999999999998 1 
-0.770494000000000012 1.31041999999999992 1 
-0.0666714999999999947 -1.56664000000000003 0 
-1.34126999999999996 -0.0714212000000000041 1 
1.18544000000000005 0.0262000000000000011 0 
0.486935000000000007 -0.882419999999999982 1 
0.278285999999999978 2.17429000000000006 1 
1.52428999999999992 -0.472384000000000026 0 
1.32506999999999997 -1.0359799999999999 0 
-0.403139000000000025 1.88348000000000004 1 
-0.765353999999999979 1.88507000000000002 1 
0.222414000000000001 -2.10331000000000001 0 
1.43504999999999994 0.498072999999999988 0 
1.46042000000000005 -0.316709999999999992 0 
0.106790999999999997 1.17470999999999992 0 
0.631611000000000034 -1.94596999999999998 0 
0.229024000000000005 -1.07486999999999999 1 
-0.762324000000000002 1.78953000000000007 1 
0.895382000000000011 -1.81983000000000006 0 
-0.421582999999999986 1.0063200000000001 0 
-0.19936799999999999 -2.25559000000000021 0 
-0.285818000000000016 -1.82694000000000001 0 
-0.0325527999999999998 -0.917857000000000034 1 
1.01741999999999999 1.58725999999999989 1 
0.71770299999999998 -0.662653000000000048 1 
1.43511999999999995 -0.557306999999999997 0 
-0.568883999999999945 -1.8028900000000001 0 
1.50985999999999998 -1.13788 0 
-0.12573899999999999 2.14378000000000002 1 
0.261155999999999999 -1.70961000000000007 0 
-0.329556000000000016 0.864828000000000041 0 
1.53767000000000009 -1.05301 0 
0.887780000000000014 -1.56611999999999996 0 
1.22033999999999998 -0.755160999999999971 0 
0.310921000000000003 2.07322000000000006 1 
-1.67964000000000002 1.00980000000000003 1 
-0.346391999999999978 -1.10671999999999993 1 
-0.426788000000000001 -2.05764000000000014 0 
-0.0801290999999999948 -0.980071000000000025 1 
0.455010999999999999 0.71350199999999997 0 
1.66091000000000011 -1.03157999999999994 0 
1.13264999999999993 -0.182057999999999998 0 
-1.16637999999999997 -0.588015999999999983 1 
-0.0177684999999999996 -0.910105999999999971 1 
0.398660000000000014 -1.96381000000000006 0 
-0.358227000000000018 2.14937999999999985 1 
-1.6793499999999999 0.597810999999999981 1 
-0.0170656999999999996 -0.406860999999999973 1 
-0.419561000000000017 1.9030800000000001 1 
-1.38893 -0.00365097999999999985 1 
0.793332000000000037 0.803638999999999992 0 
1.16650999999999994 -1.2088000000000001 0 
0.254487999999999992 -1.78493999999999997 0 
1.0366200000000001 -1.6873800000000001 0 
-1.53726999999999991 1.20421 1 
0.700196000000000041 0.993936000000000042 0 
0.510395999999999961 -0.768110999999999988 1 
0.102378999999999998 1.78926000000000007 1 
-1.38837999999999995 1.08731 1 
0.135254999999999986 -1.38951000000000002 1 
-0.339301999999999992 1.88371 1 
0.0150910999999999997 -1.9402299999999999 0 
0.0176138999999999983 0.837667999999999968 0 
1.45940000000000003 -0.450367999999999991 0 
-0.441558000000000006 -0.887481999999999993 1 
-1.05485000000000007 0.303045000000000009 1 
-0.33876400000000001 -2.19584000000000001 0 
0.188243999999999995 -0.99738899999999997 1 
0.111295000000000005 -2.17244999999999999 0 
0.202632000000000007 2.06469000000000014 1 
0.589148000000000005 1.60721000000000003 1 
-0.0992795000000000066 -1.57051000000000007 0 
0.958662000000000014 -1.65860999999999992 0 
-0.643940999999999986 -0.814868999999999954 1 
0.52109799999999995 -1.79630000000000001 0 
0.231073000000000001 0.60846100000000003 0 
-0.748967000000000049 -1.82952000000000004 0 
-1.00689999999999991 -0.787522999999999973 1 
-0.712868999999999975 0.424234 0 
0.755534000000000039 -1.64925999999999995 0 
1.81068999999999991 -0.224465999999999999 0 
0.557938999999999963 0.328317999999999999 0 
-0.560742999999999991 1.91107000000000005 1 
0.0423981000000000011 1.13989999999999991 0 
0.553795000000000037 0.965382999999999991 0 
-0.0504563999999999985 1.9115899999999999 1 
0.0043533599999999997 -1.92762999999999995 0 
0.160399999999999987 -2.00654999999999983 0 
-1.25374999999999992 0.878353999999999968 1 
-0.0769827000000000011 -1.90051999999999999 0 
0.911259999999999959 -0.560753999999999975 0 
-0.0814026000000000055 1.92025000000000001 1 
1.2508999999999999 -0.0126473000000000002 0 
1.25855000000000006 -0.611142999999999992 0 
-1.51337999999999995 1.09165000000000001 1 
-1.09644999999999992 -0.363437999999999983 1 
0.534420000000000006 1.61325999999999992 1 
-1.07885000000000009 -0.432767000000000013 1 
0.811977999999999978 1.84644000000000008 1 
-0.716631000000000018 2.04143000000000008 1 
-0.88950499999999999 1.6557599999999999 1 
1.62189000000000005 0.651745000000000019 0 
0.96281300000000003 -1.48171000000000008 0 
0.0414797000000000013 -2.16008999999999984 0 
-1.05347999999999997 -0.247342000000000006 1 
-0.617653000000000008 -1.96408999999999989 0 
-1.60304000000000002 1.05607000000000006 1 
0.270154999999999978 -1.77875000000000005 0 
-0.771730000000000027 -0.296663999999999983 1 
1.2603899999999999 -1.17629000000000006 0 
-0.647182000000000035 -1.63497000000000003 0 
-0.0535071000000000019 1.01014000000000004 0 
-0.806224999999999969 -0.745890999999999971 1 
0.346413000000000026 1.77576000000000001 1 
1.29681000000000002 -0.64604499999999998 0 
-1.01889999999999992 0.824320000000000053 1 
-1.47406999999999999 0.425524999999999987 1 
0.145735000000000003 2.0806300000000002 1 
-1.00034000000000001 -2.25303999999999993 0 
-1.63430000000000009 -0.475652999999999992 1 
0.662011000000000016 -0.947880999999999974 1 
1.68829000000000007 -0.276963999999999988 0 
1.27005999999999997 -1.43209999999999993 0 
-1.22618000000000005 1.03025000000000011 1 
0.471231999999999984 -1.8434600000000001 0 
1.54198999999999997 -0.144554999999999989 0 
0.601782000000000039 0.770866999999999969 0 
-0.341052000000000022 1.79709999999999992 1 
1.47174999999999989 -0.752805999999999975 0 
-1.63170999999999999 1.29089000000000009 1 
1.52564000000000011 -0.441193000000000002 0 
0.281144000000000005 2.19045999999999985 1 
0.932858999999999994 0.79623900000000003 0 
-1.21415000000000006 -0.760394000000000014 1 
-0.533950999999999953 -1.79993000000000003 0 
-1.43979999999999997 0.479779999999999984 1 
-0.85961299999999996 0.658433999999999964 0 
0.95322399999999996 -1.64979000000000009 0 
-0.358038000000000023 0.80710599999999999 0 
1.01547999999999994 -1.55923999999999996 0 
0.659604999999999997 1.8863700000000001 1 
1.51692999999999989 -1.15684999999999993 0 
1.00805999999999996 0.524034 0 
0.0696227999999999986 -0.895114999999999994 1 
0.0334807999999999981 -0.87549699999999997 1 
-0.922036999999999995 -0.570115000000000038 1 
-0.544417999999999958 1.05797000000000008 0 
1.43121999999999994 -0.430296000000000012 0 
0.464598000000000011 -0.886473999999999984 1 
-0.774002999999999997 2.25652000000000008 1 
-1.46666999999999992 0.199260999999999994 1 
-0.00188072 1.80004999999999993 1 
1.3745400000000001 -0.0994359999999999966 0 
0.102587999999999999 0.756758000000000042 0 
0.216329999999999995 1.11131000000000002 0 
1.70013999999999998 -0.640148999999999968 0 
0.259786000000000017 -2.31763999999999992 0 
-1.00055000000000005 1.33079999999999998 1 
0.911796999999999969 1.86091999999999991 1 
0.604011999999999993 -1.82115999999999989 0 
-1.38426000000000005 0.276581999999999995 1 
-0.570803999999999978 -0.722165999999999975 1 
0.465380999999999989 -1.92002000000000006 0 
0.506000000000000005 0.969957999999999987 0 
1.29712999999999989 0.248486000000000012 0 
-1.04242999999999997 1.60949999999999993 1 
-0.816351999999999967 1.60427999999999993 1 
-1.16366999999999998 1.2708299999999999 1 
-0.711060000000000025 -1.86271999999999993 0 
-0.720231999999999983 0.667506999999999961 0 
-1.99517000000000011 0.672877999999999976 1 
-1.17496 -0.450940999999999981 1 
1.49446999999999997 -0.391060000000000019 0 
0.240030999999999994 1.03517999999999999 0 
1.13671999999999995 1.68998000000000004 1 
0.631461999999999968 0.322919999999999985 0 
-0.434128000000000014 2.43199999999999994 1 
1.24723000000000006 -0.457500000000000018 0 
1.10346999999999995 0.0220472999999999988 0 
0.483196000000000014 0.858968999999999983 0 
1.44735999999999998 -0.0904237999999999986 0 
0.328983000000000025 -2.0354899999999998 0 
-1.67562999999999995 0.167991000000000001 1 
0.483599000000000001 -0.825794000000000028 1 
0.743927000000000005 -1.81881000000000004 0 
-0.254203999999999986 1.20903000000000005 0 
-1.50584999999999991 0.34400799999999998 1 
0.176463000000000009 1.10759000000000007 0 
0.0323272000000000004 -0.778700999999999977 1 
-1.4736800000000001 0.409455000000000013 1 
0.0232080999999999989 -2.28616000000000019 0 
1.40535999999999994 -1.32254000000000005 0 
0.747500999999999971 -0.770101999999999953 1 
-0.960740000000000038 1.55559000000000003 1 
-1.60265999999999997 0.0934056000000000053 1 
0.0569691999999999976 2.29666000000000015 1 
-0.14566599999999999 -2.42032999999999987 0 
1.56837000000000004 0.081605999999999998 0 
0.288854 1.98961999999999994 1 
0.793609000000000009 -1.78410000000000002 0 
-0.838156000000000012 1.37622 1 
-0.513214999999999977 -2.01460999999999979 0 
0.0260798000000000002 -1.92294999999999994 0 
0.709933999999999954 0.480063999999999991 0 
-1.12962000000000007 -0.510020000000000029 1 
0.854805999999999955 -1.62186999999999992 0 
0.591466000000000047 1.89531000000000005 1 
-0.819222000000000006 -0.58744799999999997 1 
1.29950999999999994 -1.29930999999999996 0 
-0.865484000000000031 -1.56363999999999992 0 
-0.54670300000000005 1.82732000000000006 1 
-1.2392399999999999 1.11098999999999992 1 
0.735542999999999947 0.684050999999999965 0 
-0.828462999999999949 1.78207000000000004 1 
-0.409957000000000016 -1.79988999999999999 0 
0.0542231999999999992 -2.25209999999999999 0 
-1.66792000000000007 0.394407999999999981 1 
1.30647000000000002 -0.713238999999999956 0 
0.294327000000000005 -1.87680000000000002 0 
-0.847710999999999992 -2.03322000000000003 0 
-1.22737000000000007 -0.535869999999999957 1 
1.39440999999999993 -0.667838000000000043 0 
0.263618000000000019 2.18685000000000018 1 
-0.795548000000000033 0.620901999999999954 0 
-0.877075000000000049 -1.13334000000000001 1 
-0.291970999999999981 -1.9952700000000001 0 
-1.27537999999999996 1.10599000000000003 1 
0.0445382 2.08858999999999995 1 
1.10691000000000006 -1.00055000000000005 0 
-1.37647000000000008 -0.373817999999999984 1 
0.595616999999999952 -2.02992000000000017 0 
0.239240000000000008 1.63104000000000005 1 
-0.869207999999999981 1.31233 0 
-0.332293999999999978 -0.399936999999999987 1 
1.36963999999999997 0.174010999999999999 0 
-0.156654999999999989 -2.02024999999999988 0 
1.66402000000000005 -0.776766999999999985 0 
-1.04144999999999999 1.39385000000000003 1 
-1.54777999999999993 0.419262000000000024 1 
-0.737855000000000039 1.90947 1 
-0.347032000000000007 0.751167999999999947 0 
-0.325573999999999975 1.74194000000000004 1 
0.340571000000000013 1.17149999999999999 0 
-0.157333000000000001 -1.14671999999999996 1 
0.690126000000000017 -1.28976000000000002 0 
-0.674289000000000027 -1.08732000000000006 1 
-0.934679000000000038 -0.53513299999999997 1 
0.326834000000000013 2.05866000000000016 1 
-1.37722000000000011 1.00160000000000005 1 
0.288279000000000007 0.937984999999999958 0 
1.1781600000000001 -0.63193100000000002 0 
-0.728581999999999952 -0.452855999999999981 1 
-1.42240000000000011 0.265664000000000011 1 
1.28625999999999996 -0.286042999999999992 0 
-0.198254000000000014 -1.84644000000000008 0 
-0.710507 -1.74486000000000008 0 
1.08925000000000005 -1.02882000000000007 0 
-1.19564000000000004 1.45052000000000003 1 
-0.546661999999999981 -2.42846999999999991 0 
0.266923000000000021 1.64833999999999992 1 
1.22960000000000003 -1.71507999999999994 0 
0.824334000000000011 2.29170000000000007 1 
-0.0596529000000000018 2.01680999999999999 1 
0.483159000000000005 0.89464699999999997 0 
-0.106565999999999994 1.91755000000000009 1 
1.27682999999999991 -0.933555000000000024 0 
1.16836999999999991 -0.0292783999999999996 0 
-0.392510999999999999 1.58861999999999992 1 
0.662177000000000016 1.66354000000000002 1 
0.938678000000000012 0.48369899999999999 0 
0.0852813999999999933 -1.13870000000000005 1 
-0.467907000000000017 -0.82964899999999997 1 
1.19992999999999994 0.157068000000000013 0 
1.28608999999999996 0.513004000000000016 0 
0.109118999999999994 -1.97208000000000006 0 
1.5022899999999999 0.631480999999999959 0 
-0.505978999999999957 -2.24543999999999988 0 
-0.872983999999999982 -1.06678999999999991 1 
0.136299000000000003 1.04211000000000009 0 
-0.658745000000000025 -0.918903000000000025 1 
0.340129999999999988 -1.37624999999999997 1 
1.74164999999999992 0.191467999999999999 0 
0.193132999999999999 1.42213999999999996 1 
0.158345999999999987 0.89936499999999997 0 
1.45846000000000009 -0.314844000000000013 0 
1.54625999999999997 -0.421906999999999976 0 
-0.359619999999999995 -1.97350000000000003 0 
1.61172000000000004 0.240704000000000001 0 
-0.052891599999999997 0.782822000000000018 0 
-1.59401999999999999 0.201967000000000008 1 
1.10504000000000002 -1.64554 0 
-0.433186000000000015 -0.896911000000000014 1 
-0.731631000000000031 -1.97080000000000011 0 
-0.611403999999999948 1.17903000000000002 0 
0.489659999999999984 2.14061000000000012 1 
-1.56569000000000003 0.440581999999999974 1 
-0.508616999999999986 1.1619600000000001 0 
0.501882999999999968 -0.688250999999999946 1 
-0.171401999999999999 -1.0526899999999999 1 
0.602203000000000044 -1.62884999999999991 0 
-0.532842999999999956 0.761207999999999996 0 
-1.60063 0.904204000000000008 1 
0.200209999999999999 1.15261999999999998 0 
-1.10684999999999989 1.33776000000000006 1 
-1.57267000000000001 -0.0560365999999999989 1 
-0.441134000000000026 1.09681000000000006 0 
-1.11051000000000011 -0.743997000000000019 1 
-1.67301999999999995 0.403285000000000005 1 
-0.184886999999999996 -1.61003000000000007 0 
1.02610000000000001 0.688926999999999956 0 
-1.13365999999999989 0.0364160999999999999 1 
-0.247910999999999992 1.89209000000000005 1 
0.0717209999999999931 0.546972000000000014 0 
-0.642434999999999978 1.06340999999999997 0 
-0.409017000000000019 -1.2410000000000001 1 
0.0800566999999999945 1.07061000000000006 0 
-1.46415999999999991 0.826749999999999985 1 
0.289548000000000028 -1.99872000000000005 0 
-1.35146000000000011 0.97629100000000002 1 
-1.93003999999999998 0.551432000000000033 1 
1.06000000000000005 -1.20029000000000008 0 
0.868589999999999973 0.556902000000000008 0 
0.345397999999999983 -1.14067999999999992 1 
-1.00906999999999991 1.44691999999999998 1 
1.33604999999999996 -1.25751999999999997 0 
1.56109999999999993 0.570505999999999958 0 
1.18188000000000004 -1.53316000000000008 0 
0.629048999999999969 1.72879000000000005 1 
-1.03676999999999997 -1.59723999999999999 0 
-0.249685999999999991 2.13355000000000006 1 
0.918376999999999999 0.644525000000000015 0 
-0.0384559000000000012 2.04457999999999984 1 
-1.35986999999999991 0.499221999999999999 1 
-0.645047999999999955 1.93775000000000008 1 
-0.308665999999999996 1.17585000000000006 0 
-1.18164000000000002 0.217177000000000009 1 
-0.766209999999999947 1.39979999999999993 1 
0.298704000000000025 -0.940382000000000051 1 
0.470194000000000001 1.08868999999999994 0 
1.30181999999999998 -1.00605999999999995 0 
-1.6218999999999999 0.397758999999999974 1 
0.616991999999999985 0.79771000000000003 0 
0.777167000000000052 -0.874400999999999984 1 
-0.849022999999999972 1.7720499999999999 1 
-0.226960999999999996 2.03826000000000018 1 
0.216921000000000003 -1.82399 0 
1.30664000000000002 -0.831852999999999954 0 
0.869887999999999995 -1.87677000000000005 0 
-0.0586986999999999995 1.88345000000000007 1 
-1.09874000000000005 1.02357999999999993 1 
-0.290934000000000026 -2.10828000000000015 0 
-0.274160999999999988 1.21933000000000002 0 
-1.38178000000000001 -0.0979027999999999982 1 
-0.444894000000000012 -0.845296999999999965 1 
1.94901999999999997 -0.587725999999999971 0 
-0.792201999999999962 1.61915999999999993 1 
-1.27747000000000011 -0.600932000000000022 1 
-1.52261000000000002 0.645959999999999979 1 
-1.13131000000000004 -0.495589000000000002 1 
0.348551999999999973 1.06123999999999996 0 
1.3575299999999999 -0.363516999999999979 0 
0.865824000000000038 0.787591999999999959 0 
0.596172999999999953 -1.61339999999999995 0 
-0.391405000000000003 -0.885399999999999965 1 
-1.52968999999999999 1.00100999999999996 1 
-0.304340999999999973 -1.95958999999999994 0 
-1.56366000000000005 0.851244000000000001 1 
-0.473463000000000023 -0.685958999999999985 1 
-1.17900999999999989 0.996307999999999971 1 
1.56756999999999991 0.164980999999999989 0 
-1.35481999999999991 -0.100244 1 
0.227139000000000008 -1.01480999999999999 1 
0.68720199999999998 -2.06413000000000002 0 
1.20056000000000007 -1.25567999999999991 0 
-1.02323000000000008 -1.19206999999999996 1 
-1.25194000000000005 -0.701977999999999991 1 
-1.57411999999999996 1.12911000000000006 1 
-0.899301000000000017 2.05339999999999989 1 
-0.319025000000000003 -1.18229999999999991 1 
-1.09126999999999996 -0.55817300000000003 1 
-0.389755000000000018 -1.76238000000000006 0 
0.540212000000000026 -1.17443000000000008 1 
1.04197000000000006 -1.74543000000000004 0 
1.36970999999999998 -0.648213000000000039 0 
0.0807844999999999952 -2.21470000000000011 0 
1.29608999999999996 -1.27737999999999996 0 
-0.651159999999999961 -0.57571300000000003 1 
-0.136773000000000006 -1.04769000000000001 1 
-1.45564000000000004 0.100684999999999997 1 
-1.57345000000000002 0.524769999999999959 1 
0.854685000000000028 0.619743000000000044 0 
0.0140757999999999994 0.809320000000000039 0 
0.619005000000000027 -1.8127899999999999 0 
0.606945999999999986 1.89731000000000005 1 
-1.09545000000000003 -0.0608433000000000029 1 
-1.44938999999999996 -0.184541000000000011 1 
-1.04364999999999997 -0.588918000000000053 1 
0.382489999999999997 -1.94310000000000005 0 
1.23127999999999993 -0.104617000000000002 0 
1.35152000000000005 0.0579623000000000013 0 
0.116148000000000001 -0.772055999999999965 1 
0.578270999999999979 1.64572000000000007 1 
-0.784694000000000003 1.40145000000000008 1 
-0.0855212999999999945 2.11012000000000022 1 
-0.120448 -1.07543000000000011 1 
0.770642999999999967 -1.81410999999999989 0 
0.168917000000000012 -1.84566999999999992 0 
0.468704999999999983 -1.12630000000000008 1 
-0.0209662000000000008 2.15071000000000012 1 
-0.471559000000000006 0.505657000000000023 0 
-1.20645000000000002 -0.268797000000000008 1 
-0.656858999999999971 0.655236999999999958 0 
-1.31933999999999996 -0.262322999999999973 1 
-1.0910200000000001 -0.426873000000000002 1 
1.11413000000000006 0.664932999999999996 0 
0.246570000000000011 -1.0845800000000001 1 
-0.665181000000000022 0.542166999999999955 0 
0.949695999999999985 0.168131000000000003 0 
0.511732999999999993 -2.04375000000000018 0 
0.0812102999999999992 2.1815500000000001 1 
0.138512999999999997 -1.57133999999999996 0 
-1.42758999999999991 -0.394647000000000026 1 
1.12810999999999995 0.551819999999999977 0 
0.726609999999999978 -0.603941999999999979 1 
-0.753175000000000039 -1.75150000000000006 0 
-1.28766000000000003 0.729060000000000041 1 
1.30658999999999992 -1.47666999999999993 0 
-0.392139999999999989 -2.19296999999999986 0 
-0.859245000000000037 -0.89107499999999995 1 
1.08745000000000003 0.674475999999999964 0 
-0.972710999999999992 1.75279000000000007 1 
1.36098000000000008 -0.646314000000000055 0 
-1.48845999999999989 -0.0832774000000000014 1 
-0.062383000000000001 1.82374999999999998 1 
0.223066999999999988 1.93026999999999993 1 
-0.628755999999999982 -0.907035999999999953 1 
-1.45707000000000009 -0.354841999999999991 1 
-0.270042000000000004 -1.56248000000000009 0 
0.793193000000000037 1.84033000000000002 1 
1.0773600000000001 -1.51349 0 
1.35756999999999994 0.604531000000000041 0 
-1.14525999999999994 1.09752999999999989 1 
1.85636000000000001 -1.09630000000000005 0 
-1.11661999999999995 -0.422451999999999994 1 
0.216495999999999994 -0.501983999999999986 1 
0.877977000000000007 1.84949999999999992 1 
1.83769999999999989 -1.28527999999999998 0 
1.28573000000000004 -1.03241999999999989 0 
-0.528530000000000055 1.68900000000000006 1 
1.60044999999999993 -0.784100000000000019 0 
1.31916000000000011 -0.405581999999999998 0 
-1.31505000000000005 1.58313999999999999 1 
0.889701999999999993 -0.832006000000000023 1 
-0.538476999999999983 2.12473000000000001 1 
0.334986999999999979 -2.21268999999999982 0 
-0.537563000000000013 0.860167000000000015 0 
-0.655325999999999964 -2.18490999999999991 0 
1.87640000000000007 -0.445002999999999982 0 
-1.35651999999999995 -0.359785000000000021 1 
0.650599999999999956 -1.31462999999999997 1 
1.07079999999999997 -1.32377999999999996 0 
1.51374000000000009 -1.09352000000000005 0 
0.882106999999999974 0.537422999999999984 0 
-0.208590999999999999 -1.83915000000000006 0 
1.27278000000000002 0.169910000000000005 0 
1.68693000000000004 -0.233220000000000011 0 
0.815532999999999952 1.00524999999999998 0 
-0.646101000000000036 -1.93901999999999997 0 
0.679262000000000032 -1.74080999999999997 0 
-1.71889000000000003 -0.379412000000000027 1 
-0.385095999999999994 1.74790000000000001 1 
-0.823238000000000025 -0.934365000000000001 1 
1.48094999999999999 -1.10695999999999994 0 
-1.34200999999999993 1.04851000000000005 1 
0.658780000000000032 2.17356999999999978 1 
-1.49829999999999997 0.297088000000000019 1 
-1.5576000000000001 0.489605000000000012 1 
-1.08333999999999997 -0.526877999999999957 1 
1.33241000000000009 0.457127999999999979 0 
1.04922000000000004 -0.614435999999999982 0 
0.0094396700000000007 0.848938999999999999 0 
-0.662818000000000018 1.99608999999999992 1 
1.58194999999999997 -0.296680999999999973 0 
-0.161116000000000009 -1.01802999999999999 1 
0.0918522999999999978 -1.08705999999999992 1 
0.678776000000000046 -1.9051800000000001 0 
1.35969000000000007 -0.481536999999999993 0 
-0.423810999999999993 1.73904999999999998 1 
0.519047000000000036 1.8521399999999999 1 
1.46099000000000001 -0.894861000000000018 0 
-1.47858000000000001 1.24670999999999998 1 
-0.304902000000000006 1.66355000000000008 1 
1.86328999999999989 -0.229138000000000008 0 
-0.245480000000000004 -1.04661000000000004 1 
-1.3033300000000001 -0.852437 1 
-0.475557000000000007 -0.397718999999999989 1 
-0.136697000000000013 1.6847399999999999 1 
1.22450999999999999 -0.848894999999999955 0 
0.512336000000000014 1.17477999999999994 0 
-0.189764999999999989 -1.85990999999999995 0 
0.570123000000000046 0.848284999999999956 0 
1.0559400000000001 -1.34728000000000003 0 
1.33496999999999999 0.330067999999999973 0 
-0.800350000000000006 1.71409999999999996 1 
0.265566000000000024 -1.11525000000000007 1 
-0.331909999999999983 1.85532000000000008 1 
1.23219999999999996 -1.55191999999999997 0 
0.483016999999999974 -0.835598999999999981 1 
-0.0457453999999999986 -1.34251000000000009 1 
0.611569000000000029 -2.0354000000000001 0 
-0.642311999999999994 1.2958400000000001 0 
1.59038999999999997 -0.107130000000000003 0 
-0.798934000000000033 -1.5497399999999999 0 
-1.1416599999999999 0.237838999999999995 1 
-0.574342000000000019 0.621508999999999978 0 
-0.769252000000000047 -1.83323999999999998 0 
-1.1418600000000001 0.0458524000000000015 1 
-0.264566999999999997 -1.13101000000000007 1 
-0.682686000000000015 2.19899999999999984 1 
-0.444218000000000002 -2.15256999999999987 0 
-0.163507999999999987 2.35469999999999979 1 
0.43013800000000002 -1.78465999999999991 0 
-0.618914999999999993 1.58265999999999996 1 
0.536390000000000033 2.09339999999999993 1 
-0.590350000000000041 1.94528999999999996 1 
0.231174999999999992 0.818819999999999992 0 
0.787070999999999965 -1.54147999999999996 0 
0.57067699999999999 1.65151000000000003 1 
0.617395999999999945 0.705452999999999997 0 
1.23670999999999998 0.472787999999999986 0 
-0.697957999999999967 1.73065000000000002 1 
1.38829000000000002 0.384367999999999987 0 
-1.45561999999999991 0.0475835000000000008 1 
-0.130862000000000006 1.88067000000000006 1 
-1.18653000000000008 1.72750000000000004 1 
-1.53489999999999993 0.796753999999999962 1 
-1.45716000000000001 1.05203000000000002 1 
0.303352999999999984 0.621211999999999986 0 
-0.0437627000000000016 2.17329999999999979 1 
-1.45069000000000004 0.48528300000000002 1 
-1.86050000000000004 0.976210000000000022 1 
0.194103999999999999 -1.41186999999999996 1 
1.74181000000000008 -0.237922999999999996 0 
-1.47977000000000003 0.158300999999999997 1 
0.328942000000000012 -0.733219999999999983 1 
1.20345999999999997 1.04526999999999992 0 
-1.53122000000000003 0.337309000000000025 1 
-1.71223999999999998 0.495661000000000018 1 
0.304632000000000014 1.82597000000000009 1 
1.68900000000000006 -0.671933000000000002 0 
1.70918999999999999 -0.839154999999999984 0 
0.267025999999999986 0.542606000000000033 0 
-1.77351999999999999 0.190287000000000012 1 
-0.62350899999999998 1.71953 1 
0.551826999999999956 2.19883000000000006 1 
-0.181018000000000012 -0.869256999999999946 1 
-1.01496999999999993 1.49950000000000006 1 
0.0317735999999999991 1.7764899999999999 1 
1.22462000000000004 -1.43911999999999995 0 
-0.449535999999999991 2.11004000000000014 1 
-0.393440999999999985 -0.64369299999999996 1 
-1.37047999999999992 0.221089000000000008 1 
-1.56933999999999996 0.0914134000000000058 1 
1.33912999999999993 -0.832354000000000038 0 
0.973512000000000044 0.571666000000000007 0 
-0.962403000000000008 2.03445000000000009 1 
-0.999626000000000015 -0.706176000000000026 1 
-0.589588000000000001 0.730060000000000042 0 
-0.153552999999999995 2.26134000000000013 1 
-0.121173000000000003 1.18751000000000007 0 
-0.421868000000000021 0.628646000000000038 0 
-1.10739999999999994 1.92799000000000009 1 
1.14904000000000006 -0.00188327000000000004 0 
0.78799600000000003 -0.864384999999999959 1 
1.09262999999999999 -1.07099999999999995 0 
-0.86047499999999999 0.682342000000000004 0 
1.12019000000000002 -1.59340999999999999 0 
-1.30909000000000009 -0.679219000000000017 1 
0.0505716000000000013 1.08068999999999993 0 
1.52313999999999994 -0.670930000000000026 0 
-0.091418200000000005 1.26980000000000004 0 
1.40205000000000002 -0.703906999999999949 0 
-1.43023999999999996 -0.101376999999999995 1 
-1.59121000000000001 0.853555999999999981 1 
-0.267384000000000011 -0.846408000000000049 1 
-1.51947999999999994 1.1305099999999999 1 
1.0581799999999999 -1.88579999999999992 0 
-1.09206000000000003 -0.67495000000000005 1 
0.360063999999999995 -1.83521000000000001 0 
-0.0478705000000000033 -0.829805000000000015 1 
-0.716918999999999973 0.898814000000000002 0 
-0.253356000000000026 -2.09812999999999983 0 
0.167781000000000013 -0.736137999999999959 1 
-0.101385000000000003 -2.37539999999999996 0 
-1.6633 0.327622000000000024 1 
-0.924155999999999977 -1.08746999999999994 1 
1.0643800000000001 0.883130999999999999 0 
-0.462702999999999975 -1.75791999999999993 0 
0.302012000000000003 0.891059999999999963 0 
-0.868018999999999985 1.48933000000000004 1 
0.33147500000000002 1.07061000000000006 0 
1.60339000000000009 -0.60902400000000001 0 
-1.49415999999999993 0.891943000000000041 1 
1.4323300000000001 0.464096999999999982 0 
0.544436000000000031 -1.10502999999999996 1 
-0.396042000000000005 -0.871264999999999956 1 
0.0190320999999999997 -1.17305999999999999 1 
0.650441000000000047 -1.63041999999999998 0 
-0.222803000000000001 0.959983999999999948 0 
1.18381000000000003 -1.78326999999999991 0 
0.171046000000000004 0.541460000000000052 0 
-0.645751999999999993 -0.707911999999999986 1 
-0.191637000000000002 -1.86724000000000001 0 
-0.337073999999999985 1.81997999999999993 1 
0.289453000000000016 -0.829308000000000045 1 
-1.50058000000000002 0.567002000000000006 1 
-0.219756000000000007 -0.861438999999999955 1 
-0.359862000000000015 -0.792277000000000009 1 
-1.28475000000000006 1.41040999999999994 1 
-0.230737999999999999 1.11481000000000008 0 
1.25339 0.849812000000000012 0 
-0.165245000000000003 1.76801000000000008 1 
0.52795000000000003 2.15762000000000009 1 
-0.897113999999999967 -1.61908999999999992 0 
1.72216999999999998 -0.749484000000000039 0 
1.04153000000000007 -1.77448000000000006 0 
-0.659189000000000025 -1.96331999999999995 0 
1.14877000000000007 0.175097000000000003 0 
0.378137000000000001 -1.8454299999999999 0 
-0.697253000000000012 2.00787000000000004 1 
-1.32008999999999999 0.737863999999999964 1 
1.17578000000000005 -1.45594000000000001 0 
0.290800000000000003 -0.930135999999999963 1 
1.20551000000000008 -1.18538999999999994 0 
-0.824254000000000042 -0.0356681000000000012 1 
-1.32769000000000004 0.527661999999999964 1 
-1.54170999999999991 0.725944999999999951 1 
-0.0208091000000000005 1.95125999999999999 1 
-1.21504999999999996 -0.613029999999999964 1 
-0.937051999999999996 -0.75852799999999998 1 
0.604009000000000018 -2.04902000000000006 0 
-0.139167000000000013 -1.69394 0 
0.221049999999999996 -1.78915000000000002 0 
0.00699751000000000019 -0.674927000000000055 1 
-1.18283000000000005 -0.628645000000000009 1 
-0.897302000000000044 1.86241999999999996 1 
0.970821000000000045 -0.920591999999999966 1 
0.122264999999999999 1.36911000000000005 0 
0.693980999999999959 0.88044 0 
-0.0430132000000000014 -0.901564000000000032 1 
-0.171787999999999996 1.94020999999999999 1 
0.0629532000000000008 1.57172000000000001 1 
0.131702000000000014 -0.828473000000000015 1 
1.08799000000000001 0.513004000000000016 0 
-0.559203000000000006 -1.94669000000000003 0 
-1.2363900000000001 -0.721303000000000027 1 
1.33311000000000002 0.444535000000000013 0 
-0.532278999999999947 0.921772000000000036 0 
-0.677529000000000048 -0.915961000000000025 1 
-1.70687000000000011 0.252628999999999992 1 
0.94065399999999999 -1.74919000000000002 0 
-1.51364999999999994 -0.239944999999999992 1 
0.724310000000000009 -1.79862999999999995 0 
0.252771000000000023 -1.76628999999999992 0 
1.44117999999999991 -0.383203999999999989 0 
-0.680617999999999945 1.04356000000000004 0 
1.26929000000000003 -0.102788000000000004 0 
0.494338999999999973 -2.17335000000000012 0 
-1.23953000000000002 1.11695999999999995 1 
1.48046999999999995 -0.371506999999999976 0 
1.37126999999999999 -0.67493000000000003 0 
0.546831999999999985 1.14921000000000006 0 
-0.832293999999999978 -1.67710000000000004 0 
-1.52730999999999995 0.349455999999999989 1 
-0.604783999999999988 -2.02925999999999984 0 
0.279011999999999982 -0.923381000000000007 1 
-1.55318000000000001 0.0693553999999999976 1 
0.788752000000000009 0.787777999999999978 0 
0.266299999999999981 -1.0963099999999999 1 
-0.0697770000000000057 -1.96575000000000011 0 
1.74509000000000003 -0.155042000000000013 0 
0.826936000000000004 1.06542000000000003 0 
